340671
363932
389339
395310
402422
410955
420451
424646
437689
456154
466920
501868
549601
551638
578523
605565
605594
650098
661715
663752
665197
672842
674261
689016
725517
725592
725938
743165
745325
773836
778927
779984
786432
788717
793812
827011
827034
832286
835609
835964
840901
842788
845215
849834
849837
854980
854982
857170
866815
880652
881399
888063
890706
906649
919347
919459
920821
926114
934375
948192
971440
972018
975850
988177
991287
991291
994390
1003504
1013835
1021777
1023299
1023314
1027969
1035070
1039348
1042868
1042993
1043734
1044174
1044888
1046675
1048116
1051069
1052818
1055119
1060352
1062588
1066192
1074933
1077606
1081527
1081681
1083916
1083921
1100033
1108030
1110408
1112870
1114306
1119033
1119209
1119530
1127202
1131537
1135423
1135604
1145742
1148472
1149942
1156652
1165141
1171315
1174266
1175780
1178155
1182372
1185963
1186761
1191142
1191863
1194584
1194669
1196531
1197015
1200509
1206782
1207332
1212897
1212930
1214052
1216323
1217012
1218716
1223244
1225839
1227927
1228282
1228911
1229755
1230596
1231109
1231474
1234322
1235209
1238881
1243984
1247291
1252953
1261799
1262088
1265670
1267571
1272002
1272460
1273284
1288053
1293958
1294680
1299469
1301654
1309346
1314687
1324592
1328880
1329905
1331119
1331160
1334965
1335974
1336812
1337270
1339065
1339330
1343386
1344765
1344992
1347210
1347278
1347391
1348011
1351392
1351891
1353077
1353080
1361721
1365591
1372212
1376305
1378390
1379925
1383207
1384396
1384955
1386963
1387406
1387411
1389064
1389316
1391490
1393418
1395663
1395833
1396936
1398219
1399049
1399209
1401183
1401549
1402216
1402251
1403311
1404010
1405889
1406626
1407009
1407181
1407937
1410783
1415477
1416143
1418870
1419929
1420625
1421143
1421818
1423962
1424063
1424799
1426232
1429801
1430395
1430644
1431324
1431409
1432911
1432989
1433405
1435762
1436373
1437557
1439090
1444344
1447745
1448475
1450738
1451594
1452577
1455192
1457045
1459108
1459142
1459525
1460406
1461549
1462524
1465458
1466351
1472358
1472426
1476760
1477795
1481986
1482700
1484489
1485020
1485672
1485988
1486440
1488237
1489896
1491681
1493428
1493436
1497038
1497044
1497958
1499222
1499798
1502567
1503339
1505407
1509361
1510788
1512205
1513140
1514596
1516048
1516255
1519442
1521109
1521118
1521245
1522627
1523314
1525345
1526615
1527312
1535792
1535875
1536007
1537619
1538549
1538563
1541986
1544040
1545600
1548794
1550026
1550394
1551887
1554096
1555187
1556059
1558237
1559602
1560542
1560667
1561487
1564054
1567975
1568051
1568352
1570076
1570167
1570447
1570791
1575266
1576459
1577437
1577558
1579080
1579334
1579901
1580306
1582214
1584472
1585077
1585725
1585790
1586776
1586940
1587215
1588074
1588664
1588966
1590472
1590758
1591233
1593596
1594020
1596133
1600511
1601853
1602565
1602707
1603587
1603998
1605469
1609132
1611258
1616189
1617022
1618582
1619228
1619604
1619668
1620071
1620230
1620345
1621403
1623338
1625020
1627464
1628358
1628569
1629514
1630069
1630371
1635981
1636360
1636451
1637265
1637514
1637727
1638901
1640065
1642356
1643130
1645418
1645953
1647091
1648553
1651181
1651640
1654058
1654455
1654629
1655243
1656364
1657528
1658698
1661802
1663634
1664532
1665998
1667149
1667176
1668475
1671179
1672797
1673452
1673748
1674630
1675045
1675418
1680760
1683327
1683384
1685754
1687749
1689790
1692536
1694654
1700423
1702136
1708016
1713543
1713668
1713796
1714556
1714617
1719198
1720002
1725967
1730823
1733195
1734493
1736234
1740027
1740167
1741123
1742363
1742511
1743906
1743979
1745087
1751646
1752257
1752327
1753562
1753654
1754253
1759707
1761875
1762586
1763753
1764980
1773616
1774918
1775693
1777219
1780822
1781383
1782505
1783634
1785524
1787034
1787200
1788676
1795216
1796438
1798605
1799870
1800673
1801647
1802673
1806444
1807259
1807595
1807627
1812235
1820866
1821019
1821096
1822932
1825340
1828216
1829554
1830248
1831514
1831983
1837582
1837970
1838381
1841311
1841527
1844675
1846714
1849599
1852875
1854458
1858547
1861016
1861191
1863121
1863801
1864742
1872413
1873287
1874496
1874667
1875825
1876178
1876735
1878148
1878152
1879324
1879420
1880791
1880908
1881237
1882737
1888157
1888207
1888724
1889955
1891491
1893047
1898001
1898023
1898701
1898763
1900433
1904457
1904668
1907235
1907983
1909580
1909855
1911550
1913202
1913271
1913586
1916855
1917369
1917845
1920583
1920886
1921054
1923431
1925457
1927664
1927857
1931440
1932561
1933207
1934767
1934769
1936211
1936570
1937862
1938070
1939976
1940513
1942701
1943720
1945152
1945430
1946424
1946644
1947258
1947281
1948708
1950652
1950920
1951079
1952142
1954511
1962283
1962384
1962401
1973430
1973493
1985081
1987232
2008456
2014408
2015196
2020894
2030060
2049106
2050468
2052614
2054859
2055878
2061901
2062212
2066592
2071287
2077510
2085638
2086747
2089657
2089807
2092486
2100163
2106128
2106129
2106715
2110084
2115011
2117800
2121017
2132144
2142377
2142959
2143272
2148005
2170447
2172250
2177190
2178369
2181759
2183179
2184830
2184960
2186488
2190519
2190571
2194333
2195395
2199333
2201398
2204869
2213464
2213573
2213597
2219891
2231670
2232170
2235170
2245205
2246125
2246202
2249561
2251415
2253450
2255562
2257638
2257838
2258231
2272808
2274066
2288791
2297807
2300061
2302188
2302876
2308670
2309395
2310228
2313392
2314275
2315878
2315884
2316478
2319995
2320947
2332001
2333001
2337712
2341477
2342287
2344220
2346256
2347224
2350294
2351683
2351692
2352175
2358130
2359108
2360580
2360733
2360858
2364186
2364487
2366404
2367108
2367555
2372483
2373744
2373754
2374790
2376860
2377348
2377916
2382903
2384725
2386297
2389547
2394313
2396099
2399091
2401268
2405703
2407334
2410087
2412767
2416965
2417378
2421219
2422511
2426564
2427417
2427738
2427956
2436041
2440091
2442741
2443006
2443875
2444266
2446839
2448481
2448498
2449634
2449856
2450470
2452116
2452577
2468011
2469652
2470979
2471401
2477234
2477518
2477563
2482750
2483055
2486345
2487054
2487624
2487791
2498047
2498124
2504474
2509853
2511092
2512092
2514774
2517154
2519228
2522126
2523207
2523509
2523602
2525085
2526023
2535523
2537990
2540999
2541837
2543627
2546597
2548388
2549115
2552104
2559379
2560104
2569348
2569870
2576967
2577163
2581593
2582405
2585383
2585897
2587359
2589532
2601403
2603558
2604565
2609444
2610114
2611091
2615290
2618926
2622025
2622769
2624852
2624922
2629560
2629617
2629651
2629971
2631720
2639497
2643836
2645708
2651091
2651169
2651374
2653290
2653914
2655134
2655231
2656999
2657807
2658276
2661854
2661857
2663739
2663992
2664086
2667884
2668535
2669823
2671699
2672887
2675548
2676371
2677410
2678885
2679032
2682982
2684349
2685006
2688040
2688041
2689412
2689469
2691264
2693660
2698276
2699412
2700270
2701069
2701833
2703027
2704949
2705724
2705734
2709802
2710416
2711719
2711771
2713916
2718525
2722642
2724256
2724757
2725031
2725045
2726055
2730360
2733769
2734830
2735462
2735794
2745121
2747016
2749868
2751698
2751830
2753506
2755151
2759570
2761270
2763161
2763672
2765224
2767346
2767383
2767654
2769220
2769270
2769429
2769451
2770464
2771147
2772071
2774338
2775154
2780977
2783434
2784733
2784963
2785118
2785605
2788970
2791694
2793479
2795644
2795668
2796512
2798836
2799179
2799549
2799554
2802575
2802804
2803792
2806478
2816118
2816532
2825525
2825707
2825910
2836328
2839500
2839522
2842389
2845940
2845970
2848093
2848294
2851048
2851871
2853580
2855195
2856038
2856053
2856504
2858021
2858723
2858921
2859042
2859176
2859372
2870530
2871161
2873650
2874876
2876449
2878290
2878305
2882704
2885099
2885137
2892243
2893767
2893798
2895253
2896873
2897311
2903008
2903429
2903438
2903545
2903593
2906506
2906519
2906520
2907045
2908113
2908222
2908733
2909046
2915916
2915993
2919012
2921066
2922115
2924437
2926378
2926417
2926486
2927569
2928389
2928986
2932201
2933297
2933984
2935152
2935153
2935820
2938137
2939467
2939595
2939689
2949436
2950003
2952812
2953018
2956151
2956507
2956519
2958156
2960433
2961878
2962470
2963607
2965306
2967869
2968788
2970997
2971478
2972954
2974601
2975727
2977389
2981851
2982071
2985096
2988410
2989496
2994651
2995424
2998675
2999719
3002358
3006635
3013489
3017149
3020415
3030960
3031937
3033404
3033414
3046841
3047256
3048624
3049060
3049574
3049741
3050457
3050562
3051552
3052444
3053224
3053503
3054294
3056654
3056794
3056853
3057283
3057735
3058010
3058404
3058408
3059030
3060592
3060937
3061625
3062214
3063922
3064646
3064731
3065172
3067327
3067396
3068177
3068886
3068950
3069915
3070096
3070118
3070164
3070204
3070213
3071897
3073171
3073193
3073660
3074549
3075050
3075582
3076115
3076518
3077103
3077129
3077160
3078839
3079074
3079134
3079302
3080084
3080111
3080742
3081028
3081529
3081538
3081577
3081943
3082491
3082923
3084066
3085160
3086358
3086359
3087371
3088532
3088635
3089063
3089109
3089928
3090421
3090699
3090725
3091929
3091965
3093076
3093088
3093290
3093469
3093816
3093856
3094235
3094389
3094460
3094574
3094718
3094833
3095281
3097860
3098539
3098560
3098589
3098909
3099347
3099443
3099461
3099829
3100012
3100759
3100761
3101826
3103366
3103623
3103702
3103890
3104074
3104269
3104337
3104351
3104369
3104371
3104502
3104613
3105298
3105445
3105550
3106072
3106475
3106546
3106804
3106927
3107287
3107617
3108001
3108454
3108522
3108889
3108890
3108899
3110378
3110813
3110816
3110866
3110987
3111000
3111153
3111154
3111155
3111514
3111566
3111741
3111812
3112206
3112420
3112779
3112798
3113350
3113367
3113408
3113410
3113939
3114022
3114069
3114240
3114646
3115034
3115213
3115343
3115816
3115829
3116186
3116670
3116744
3116895
3118605
3118680
3118849
3118963
3119292
3119435
3119475
3119729
3120450
3120490
3120686
3120956
3120983
3121004
3121964
3122174
3122255
3122362
3122831
3122968
3123185
3123224
3123599
3124583
3124587
3125447
3125506
3125772
3126819
3127193
3127357
3128453
3129262
3129809
3129841
3129863
3129981
3130095
3130248
3131339
3131345
3131401
3131601
3131674
3131715
3132461
3133712
3133722
3134931
3135454
3136029
3136091
3136141
3136228
3136484
3138216
3138604
3138729
3138839
3139203
3139204
3139206
3139212
3139229
3139256
3139257
3139756
3139793
3140247
3140507
3141808
3141813
3142244
3142360
3142369
3142381
3142900
3143218
3143316
3143320
3143477
3143558
3144448
3144517
3144595
3144613
3144983
3145769
3146793
3146975
3147620
3148169
3148239
3148424
3148777
3148782
3148878
3148992
3149044
3150506
3150946
3150973
3152570
3152988
3153040
3153243
3153981
3155398
3155561
3155690
3155700
3157564
3157730
3157875
3157890
3157932
3157971
3160403
3161841
3162086
3162920
3163405
3163954
3163986
3164678
3164706
3164708
3165185
3165325
3165889
3165903
3166040
3166044
3166705
3167395
3167654
3167662
3168193
3168228
3169664
3170051
3170088
3171543
3171699
3172004
3172642
3173130
3173913
3174490
3175450
3175827
3175924
3176376
3176486
3176596
3176617
3177147
3177207
3177509
3178033
3178325
3179189
3179457
3179476
3180550
3180856
3181393
3181405
3181411
3182412
3184062
3184182
3184421
3184536
3185230
3185758
3185839
3185924
3185956
3185971
3186902
3187452
3187558
3187579
3187584
3188639
3188920
3189161
3189407
3189414
3189631
3189785
3189889
3189943
3189965
3189970
3190152
3190228
3190261
3190560
3190830
3191228
3191729
3191775
3192436
3192936
3192940
3192969
3193104
3193265
3193270
3193320
3194412
3194822
3194866
3194913
3195234
3195465
3195849
3195927
3196261
3196320
3196575
3196658
3196680
3196697
3196996
3197034
3197381
3197415
3198352
3198353
3198564
3198652
3198859
3199678
3199782
3200271
3200292
3200342
3200401
3200723
3200783
3201052
3202564
3202758
3202787
3203448
3205250
3205270
3205298
3205326
3205948
3206213
3207094
3211752
3212094
3215861
3215890
3216069
3219482
3222582
3222585
3229015
3231138
3233335
3233961
3237025
3237152
3241287
3241876
3244309
3244684
3244876
3246216
3246300
3250686
3250690
3250946
3251556
3251918
3252066
3252344
3252380
3253426
3253595
3254904
3254919
3254921
3255059
3256614
3258004
3259443
3259498
3260300
3261081
3261090
3261233
3262563
3264420
3266666
3266667
3267164
3269516
3270141
3270174
3270230
3270287
3270297
3272089
3274782
3274894
3274905
3277687
3279986
3280265
3282091
3283758
3283835
3283836
3284206
3285027
3286675
3289737
3292343
3297002
3297626
3299162
3299187
3299392
3299424
3301106
3301283
3301990
3305211
3309766
3312977
3316981
3319751
3331864
3333397
3338710
3340467
3347918
3349191
3363883
3369283
3369851
3375533
3376374
3376789
3380861
3381861
3381983
3382006
3388191
3389408
3393451
3399395
3401321
3416644
3422106
3423355
3430639
3437482
3437500
3440993
3441534
3443290
3456051
3458868
3463104
3465693
3470313
3470597
3470896
3472555
3485911
3486023
3487330
3489916
3492224
3492757
3497775
3498532
3503007
3513189
3518061
3523864
3526261
3527157
3535094
3539790
3557713
3559514
3567083
3572974
3572982
3573606
3577715
3582381
3584073
3596477
3601975
3602911
3603510
3609114
3609377
3610542
3611004
3613160
3615385
3616754
3618124
3618169
3620789
3621040
3626708
3630070
3632411
3635176
3637644
3637653
3638644
3641686
3643924
3645099
3647506
3648588
3650460
3656550
3658716
3662766
3662858
3665333
3665838
3667893
3669732
3669755
3674964
3676310
3682679
3684489
3690078
3691748
3695183
3697801
3704712
3706262
3707558
3709901
3716581
3719922
3725436
3727764
3732066
3737653
3740234
3745445
3746259
3750179
3751360
3753380
3757501
3757674
3761891
3764394
3766973
3768973
3772435
3779166
3780016
3784167
3788088
3793004
3794452
3796116
3798296
3799208
3799265
3805468
3806409
3808636
3818246
3819847
3825585
3829414
3834098
3834913
3837949
3842386
3844390
3844501
3845406
3847247
3851957
3852427
3852656
3854549
3857226
3859288
3859741
3860669
3861410
3861412
3864120
3866716
3868412
3869389
3872190
3873516
3882898
3883549
3886843
3888275
3894850
3895260
3902311
3903075
3916824
3917394
3922031
3923337
3924921
3924922
3934381
3935912
3942165
3942498
3944570
3951781
3954834
3958792
3961013
3962113
3962559
3967987
3972042
3972045
3972061
3974104
3977699
3980723
3981354
3982663
3984454
3990488
3991751
3997943
4000192
4001641
4002634
4003489
4008915
4011671
4012695
4012709
4012848
4015444
4020108
4021330
4022342
4025850
4026201
4026296
4027040
4028824
4030617
4030620
4033298
4036195
4042987
4047376
4048406
4048938
4049718
4050715
4053391
4055282
4057628
4057629
4057763
4057921
4057967
4063005
4064131
4065572
4067240
4067713
4070038
4074332
4077630
4078417
4081013
4081626
4085084
4091275
4091828
4100529
4103076
4108801
4111554
4111847
4112104
4112827
4114255
4115237
4116592
4118598
4118630
4119560
4126864
4128243
4131564
4134719
4137487
4137624
4140761
4143598
4146941
4147114
4147903
4151780
4156973
4159077
4159457
4162241
4163396
4164137
4164172
4165309
4165374
4165430
4167007
4170365
4171913
4172523
4177700
4177711
4180639
4182702
4182730
4184204
4189226
4193008
4193192
4200107
4201176
4203485
4203527
4203531
4207677
4207681
4210439
4210471
4213659
4214152
4218527
4220276
4221034
4221749
4222654
4222683
4224538
4230117
4230692
4230928
4231397
4231405
4231423
4238329
4238331
4239268
4241237
4241265
4242544
4242545
4243504
4245015
4245516
4247143
4247146
4247151
4251496
4251578
4263649
4264434
4265702
4267616
4267691
4272391
4277147
4282854
4283330
4284230
4285386
4285545
4287318
4290847
4291116
4291991
4295372
4296546
4298057
4302474
4303135
4304428
4304632
4305109
4305887
4306381
4308822
4309822
4309996
4310097
4310261
4311904
4313415
4314125
4314697
4315777
4319119
4322094
4323038
4323238
4323853
4324023
4324767
4329229
4329599
4332360
4332605
4332709
4333477
4337405
4338225
4338897
4338964
4339533
4339591
4339760
4339979
4340191
4341884
4343306
4343432
4343460
4343600
4344236
4344459
4345074
4347216
4347402
4348319
4351250
4351596
4352323
4353238
4353553
4353589
4353828
4354883
4355344
4355346
4356814
4360142
4360403
4360814
4361638
4362457
4362890
4363953
4364209
4364930
4369712
4371638
4371920
4371941
4371956
4380995
4381540
4381730
4381915
4384181
4384193
4384240
4394555
4396490
4396685
4399942
4400670
4401493
4403469
4405710
4405826
4406612
4406926
4406980
4407288
4407850
4409010
4409072
4410659
4410935
4412295
4413605
4413971
4414334
4414651
4416730
4416932
4418003
4418834
4426644
4434335
4435710
4436941
4436953
4437929
4438494
4439834
4440151
4440619
4445826
4445846
4447738
4450061
4450204
4451635
4451654
4461876
4461902
4463348
4464153
4464486
4464501
4466178
4466590
4468036
4468044
4470851
4472728
4474501
4474977
4475934
4476252
4477357
4477957
4479035
4480519
4481667
4485731
4490900
4491176
4493095
4493657
4499157
